query: commonInfluencers 21158690 15853668
<result>
    16549423
    265732976
    41172837
    25376226
    271188987
    24641194
    28755851
    5442012
    114910205
    170675435
    7872262
    16098603
    7157132
    19720019
    14536491
    85388628
    10671602
    6240732
    261001122
    15811779
    9083302
    143659616
    503514903
    45416789
    21681252
    119165547
    22679419
    15234657
    14573745
    7860742
    18581803
    144663771
    20880546
    71268322
    25495625
    20273398
    288178884
    308763735
    24081780
    45578700
    477088040
    135397331
</result>

query: numRetweets 290778913 290778913
<result>
    0
</result>

query: numRetweets 308763735 24081780
<result>
    2
</result>

query: commonInfluencers 308763735 24081780
<result>
    24742040
</result>

